Resolutions       : (1200, 2200, ... 1200)
Iterations        : 200
Algorithm         : 0 (Jacobi)
Num. Heat sources : 2
   1: (0.00, 0.00) 1.00 1.00 
   2: (1.00, 1.00) 1.00 0.50 
Resolution:  1200residual 0.049246, 100 iterations
Resolution:  1200, Time: 2.866 (3.168 GFlop => 1105.26 MFlop/s, residual 0.017520, 200 iterations)
