Resolutions       : (2200, 3200, ... 200)
Iterations        : 200
Algorithm         : 0 (Jacobi)
Num. Heat sources : 2
   1: (0.00, 0.00) 1.00 1.00 
   2: (1.00, 1.00) 1.00 0.50 
Resolution:  2200residual 0.090270, 100 iterations
Resolution:  2200, Time: 16.939 (10.648 GFlop => 628.62 MFlop/s, residual 0.032121, 200 iterations)
